0 2 0.000189794
0 3 0.328588
0 4 0.337693
0 5 0.24051
0 12 0.0345031
0 18 0.0110467
0 19 3.77933e-07
0 24 2.24921e-07
0 25 6.4556e-05
0 37 7.34125e-05
0 47 0.0385263
0 48 0.00876762
0 53 3.78899e-07
0 62 2.05526e-05
0 70 1.51076e-05
2 4 0.00118839
2 5 0.10671
2 18 0.892102
3 5 0.650176
3 18 0.349824
4 5 0.399885
4 18 0.600115
5 4 8.82664e-06
5 5 0.999981
5 18 1.05851e-05
6 5 6.40132e-05
6 15 0.999936
7 2 0.707654
7 80 0.146173
7 81 0.146173
8 2 0.111833
8 4 3.92465e-05
8 8 0.111842
8 37 3.01004e-06
8 66 0.172506
8 69 0.345015
8 71 0.258761
9 5 8.24183e-06
9 6 0.259626
9 7 0.259626
9 8 0.0913022
9 9 0.129813
9 10 0.259626
10 11 0.338879
10 12 0.322241
10 13 0.338879
11 66 0.499887
11 70 0.500113
12 5 1.50267e-05
12 12 0.654332
12 24 0.0950738
12 37 0.0823196
12 48 0.00149383
12 57 0.166766
13 14 0.285714
13 15 0.214286
13 16 0.214286
13 49 0.0714286
13 50 0.0714286
13 51 0.0714286
13 52 0.0714286
14 17 0.666668
14 20 0.166667
14 53 0.166666
15 15 0.142858
15 19 0.28571
15 65 0.142858
15 66 0.142858
15 67 0.142858
15 68 0.142858
16 12 0.154674
16 21 0.52183
16 24 0.323496
17 22 0.333334
17 23 0.333333
17 63 0.166666
17 64 0.166667
18 25 0.399388
18 29 0.100024
18 30 0.100024
18 31 0.100024
18 32 0.100024
18 33 0.100024
18 34 0.100024
18 37 0.00046809
19 9 0.0768918
19 12 0.000406953
19 26 0.307567
19 27 0.0768918
19 28 0.0768918
19 32 0.0768918
19 33 0.0768918
19 34 0.0768918
19 38 0.0768918
19 96 0.0768918
19 97 0.0768918
20 35 0.299291
20 36 0.399054
20 48 0.00236505
20 63 0.0997635
20 98 0.0997635
20 99 0.0997631
21 4 0.333331
21 38 0.333334
21 39 0.333334
22 43 0.0388099
22 44 0.0387991
22 45 0.0388019
22 46 0.0775866
22 47 0.262982
22 48 0.0775012
22 54 0.193966
22 55 0.193966
22 56 0.0775865
23 40 0.499883
23 41 0.500117
24 40 0.000466881
24 42 0.999533
25 87 1
26 43 0.249943
26 44 0.250013
26 45 0.249995
26 49 0.25005
27 53 0.333584
27 58 0.333584
27 62 0.332832
28 12 0.116447
28 52 0.220888
28 59 0.220888
28 60 0.220888
28 61 0.220888
29 53 0.16672
29 70 0.166373
29 72 0.166727
29 73 0.166727
29 74 0.166727
29 75 0.166725
30 65 0.111111
30 66 0.111111
30 67 0.111111
30 68 0.111111
30 69 0.111111
30 76 0.111111
30 77 0.111111
30 78 0.111111
30 79 0.111111
31 70 1
32 82 0.2
32 83 0.2
32 84 0.2
32 85 0.2
32 86 0.2
33 87 0.5
33 90 0.5
34 9 0.333333
34 88 0.333333
34 89 0.333333
35 66 0.166667
35 69 0.166667
35 70 0.166667
35 71 0.166667
35 91 0.166667
35 92 0.166667
36 14 0.111111
36 51 0.111111
36 52 0.111111
36 65 0.111111
36 66 0.111111
36 67 0.111111
36 68 0.111111
36 69 0.111111
36 93 0.111111
37 2 0.144048
37 9 0.171191
37 89 0.171191
37 90 0.17119
37 94 0.17119
37 95 0.171191
38 18 0.333234
38 100 0.333383
38 101 0.333383
39 73 0.333333
39 74 0.333333
39 102 0.333333
